85.06
81.08
92.7
90.26
90.26
91.48
81.88
83.72
74.5
88.4
91.8
89.6
84.82
84.32
88.58
77.5
90.92
84.94
67.78
69.16
90
92.56
85.88
83.42
78
90.04
85.4
88.56
82.66
84.14
88.64
92.12
88.96
89.64
82.86
74.02
95.56
91
87.22
92.72
87.38
74.6
86.1
86.6
87.26
89.22
93.48
84.06
87.16
87.38
90.38
79.44
79.44
89.32
90.6
90.08
89.4
87.78
81.86
89.12
81.44
91.52
91.66
88.58
80.48
83.08
90.78
77.32
82.8
88.78
87.88
86.72
88.62
81.32
89.2
68.24
87.48
90.42
75.38
81.58
86.58
88.96
89.54
87.88
90.42
89.9
90.78
84.74
88.82
93.28
67.4
89.1
92.58
92.46
90.78
92.26
90.82
65.28
71.46
93.06
81.08
91.62
76.22
86.08
94.42
93.28
94.7
93.42
50
87.44
88.14
85.64
68.56
70.44
86.22
88.5
91.32
83.88
84.98
90.12
90.02
89.26
85.4
65.96
89.92
90.78
74.86
81
86.44
85.82
93.7
91.86
89.88
88.18
71.56
87.4
83.7
87.36
76.86
92.02
81.38
90.4
87.38
90.4
90.82
64.1
88.36
88.4
67.84
90.54
87.34
83.74
77.84
89.54
80
89.86
89.48
84.84
83.46
91.36
88.16
74.4
91.06
83.48
85.6
71.92
90.22
84.56
61.58
88.24
93.12
43.48
87.32
87.08
90.5
77.14
89.72
91.36
82.82
92.58
90.78
92.48
92.14
90.14
89.78
85.68
87.68
87.86
84.12
85.5
87.56
90.24
85.78
88.32
91.02
85.34
80.56
89.14
86.58
56.42
84.5
89
89.58
77.88
76.32
84.78
74.34
82.2
85.46
86.32
67.96
78.26
75.54
71.08
90.1
89.96
88.42
90.84
91.66
91.84
91.9
88.52
86.02
91.56
90.66
86.96
90.26
92.16
80.6
86.64
94.42
90.88
90.64
88.84
82.16
89.94
93.88
71.18
75.9
81.92
88.02
89.34
89.16
88.8
87.82
68.9
66.7
89.24
81.82
84.68
86.16
81.08
94.22
92.38
91.12
90.88
91.06
87.04
93.7
83.22
85.32
82.12
77.3
47.14
93.16
78.88
92.16
86.22
85.8
87.88
94.42
88.14
90.12
85.28
91.38
87.64
87.14
86.82
90.5
86.14
87.42
88.26
90.46
80.26
83.16
86.72
91
73.8
78.02
90.4
84.16
91.44
78.46
84.82
92.64
87.28
90.6
89.24
91.4
91.92
93.16
89.4
74.3
92.84
85.16
89.34
88.8
80.46
83.84
85.82
84.72
70.22
59.78
89.64
90.26
88.02
86.38
89.46
57.74
94.54
84.64
83.54
88.4
87.96
88.48
85.14
69.72
78.54
71.72
86.6
77.12
75.7
80.14
86.66
87.56
51.48
72
56.86
80.32
89.5
88.36
89.12
90.5
90.72
85.2
81.78
88.6
90.76
91.46
