13.44
12.96
14.7
14.12
14
14.4
13.3
13.6
12.06
14.18
14.42
14.16
13.6
13.52
13.78
12.72
14.3
13.58
10.82
11.28
14.16
14.52
13.52
13.38
12.1
14.12
13.48
14.06
13.14
13.24
13.86
14.68
13.84
13.98
13.2
12.08
14.76
14.28
13.86
14.72
13.86
11.88
13.46
13.78
13.78
14.02
14.68
13.54
14
13.86
14.18
12.58
12.82
14.16
14.32
14.48
14.26
13.84
13.2
14.16
13.02
14.38
14.48
14
12.74
13.2
14.1
12.24
13.06
13.72
13.84
13.78
14.04
12.76
14.34
10.98
14.12
14.34
11.8
13.04
13.84
14.1
14.18
14.02
14.18
14
14.4
13.62
14.1
14.64
10.82
13.98
14.32
14.42
14.24
14.38
14.32
10.32
11.5
14.72
13.24
14.48
12.2
13.52
14.8
14.68
14.78
14.66
8.38
14.06
14.04
13.54
10.96
11.54
13.54
13.96
14.34
13.36
13.24
14.22
14.2
14.1
13.52
10.74
14.24
14.38
12.28
12.92
13.92
13.68
14.7
14.4
14.28
13.82
11.26
13.86
13.48
13.88
12
14.48
13.04
14.42
13.94
14.34
14.3
10.1
13.98
14.04
10.74
14.16
13.86
13.62
12.74
14.08
12.72
14.26
14.04
13.46
13.42
14.24
13.96
11.58
14.14
13.44
13.56
11.56
14.22
13.44
9.78
14.24
14.52
7.22
14
13.92
14.32
12.72
14.32
14.3
13.12
14.56
14.46
14.74
14.7
14.18
14.32
13.54
13.92
14.04
13.12
13.6
13.9
14.18
13.5
14.2
14.5
13.72
12.86
14.4
13.88
9.12
13.36
14.08
14.14
12.52
12.42
13.46
11.9
13.18
13.62
13.7
11.28
12.42
12.08
11.02
14.46
14.06
14.04
14.36
14.3
14.5
14.62
13.84
13.72
14.56
14.24
13.6
14.36
14.58
13.12
13.38
14.7
14.2
14.12
14.06
13.3
14.38
14.68
11.4
12.2
12.96
14.04
14.32
14.06
13.92
14
11.18
10.64
13.88
13.08
13.36
13.62
12.84
14.78
14.52
14.52
14.4
14.4
13.76
14.6
13.22
13.5
13.18
12.22
7.9
14.52
12.84
14.58
13.86
13.8
13.8
14.66
14.14
14.44
13.58
14.18
13.88
14.04
13.7
14.32
13.66
14.08
14.12
14.48
12.76
13.34
13.92
14.26
11.74
12.74
14.3
13.46
14.44
12.86
13.52
14.68
13.92
14.26
14
14.38
14.4
14.68
14.06
11.94
14.58
13.64
14.32
14.12
13.12
13.44
13.7
13.48
11.34
9.46
14.18
14.14
14.18
13.6
14.16
9.28
14.82
13.66
13.5
13.96
13.84
13.98
13.54
11.18
12.34
11.74
13.94
12.48
12.3
12.66
13.9
13.84
8.22
11.38
9.28
12.74
14.12
14.14
14.08
14.44
14.56
13.92
13.2
14.26
14.56
14.46
