71.62
68.12
78
76.14
76.26
77.08
68.58
70.12
62.44
74.22
77.38
75.44
71.22
70.8
74.8
64.78
76.62
71.36
56.96
57.88
75.84
78.04
72.36
70.04
65.9
75.92
71.92
74.5
69.52
70.9
74.78
77.44
75.12
75.66
69.66
61.94
80.8
76.72
73.36
78
73.52
62.72
72.64
72.82
73.48
75.2
78.8
70.52
73.16
73.52
76.2
66.86
66.62
75.16
76.28
75.6
75.14
73.94
68.66
74.96
68.42
77.14
77.18
74.58
67.74
69.88
76.68
65.08
69.74
75.06
74.04
72.94
74.58
68.56
74.86
57.26
73.36
76.08
63.58
68.54
72.74
74.86
75.36
73.86
76.24
75.9
76.38
71.12
74.72
78.64
56.58
75.12
78.26
78.04
76.54
77.88
76.5
54.96
59.96
78.34
67.84
77.14
64.02
72.56
79.62
78.6
79.92
78.76
41.62
73.38
74.1
72.1
57.6
58.9
72.68
74.54
76.98
70.52
71.74
75.9
75.82
75.16
71.88
55.22
75.68
76.4
62.58
68.08
72.52
72.14
79
77.46
75.6
74.36
60.3
73.54
70.22
73.48
64.86
77.54
68.34
75.98
73.44
76.06
76.52
54
74.38
74.36
57.1
76.38
73.48
70.12
65.1
75.46
67.28
75.6
75.44
71.38
70.04
77.12
74.2
62.82
76.92
70.04
72.04
60.36
76
71.12
51.8
74
78.6
36.26
73.32
73.16
76.18
64.42
75.4
77.06
69.7
78.02
76.32
77.74
77.44
75.96
75.46
72.14
73.76
73.82
71
71.9
73.66
76.06
72.28
74.12
76.52
71.62
67.7
74.74
72.7
47.3
71.14
74.92
75.44
65.36
63.9
71.32
62.44
69.02
71.84
72.62
56.68
65.84
63.46
60.06
75.64
75.9
74.38
76.48
77.36
77.34
77.28
74.68
72.3
77
76.42
73.36
75.9
77.58
67.48
73.26
79.72
76.68
76.52
74.78
68.86
75.56
79.2
59.78
63.7
68.96
73.98
75.02
75.1
74.88
73.82
57.72
56.06
75.36
68.74
71.32
72.54
68.24
79.44
77.86
76.6
76.48
76.66
73.28
79.1
70
71.82
68.94
65.08
39.24
78.64
66.04
77.58
72.36
72
74.08
79.76
74
75.68
71.7
77.2
73.76
73.1
73.12
76.18
72.48
73.34
74.14
75.98
67.5
69.82
72.8
76.74
62.06
65.28
76.1
70.7
77
65.6
71.3
77.96
73.36
76.34
75.24
77.02
77.52
78.48
75.34
62.36
78.26
71.52
75.02
74.68
67.34
70.4
72.12
71.24
58.88
50.32
75.46
76.12
73.84
72.78
75.3
48.46
79.72
70.98
70.04
74.44
74.12
74.5
71.6
58.54
66.2
59.98
72.66
64.64
63.4
67.48
72.76
73.72
43.26
60.62
47.58
67.58
75.38
74.22
75.04
76.06
76.16
71.28
68.58
74.34
76.2
77
