47.74
47.04
48.6
48
48.46
48.3
46.2
47.48
43.64
48.02
48.4
48.24
47.52
47.34
48.06
46.72
48.48
46.74
40.18
41.1
48.6
48.48
47.78
48.42
46.28
47.96
46.94
48.28
47.6
48.62
48.6
48.74
48.26
48.42
48.18
47.82
48.62
48.82
48.12
48.6
48.46
45.56
46.3
48.08
47.94
47.86
48.46
47.04
48.12
47.12
48.7
47.1
46.36
48.2
48.04
48.24
48.28
47.94
46.74
48.46
46.68
48.44
48.72
47.6
44.62
48
48.14
48.7
48.72
48.66
48.54
46.84
48.16
45.96
48.62
45.62
48.18
48.74
47.5
46.88
47.24
48.48
47.92
47.46
48.18
48.52
48.48
48.62
48.34
48.58
45.34
47.8
48.4
48.38
48.28
48.52
48.46
44.26
44
48.18
44.94
48.46
44.1
47.12
48.86
48.96
48.66
48.56
41.44
48.34
48.3
47.98
44.74
44.42
48.1
48.16
48.38
46.74
47.72
47.82
48.66
48.5
48.06
45.5
47.6
48.24
45.02
47.06
46.44
46.76
48.44
47.74
47.76
47.76
42.52
48.1
46.28
46.72
42.82
48.16
48.2
48.38
48.28
48.42
47.84
42.42
48.22
47.78
43.64
48
48.22
48.12
47.36
48.44
45.4
48.3
48.14
47.34
46.18
48.3
47.9
44.06
48.2
47.98
47.96
43.78
48.46
47.4
42.06
47.66
48.58
34.76
48.36
46.96
48.5
47.04
47.84
48.6
45.84
48.44
47.94
48.36
48.38
48.2
48
47.46
48.08
48.52
46.8
48.52
47.44
47.56
48.7
47.64
48.1
48.06
47.62
48.24
47.58
40.06
47.94
48.06
47.94
48.48
47.54
48.16
47.4
45.68
47.32
48.4
43.82
47.9
47.82
48.04
48.1
48.58
47.82
48.5
48.46
48.24
48.38
48.46
47.68
48.44
48.3
47.34
48.52
48.62
46.36
46.12
48.5
48
47.38
47.82
46.9
48.46
48.42
48.26
44.82
48.5
46.66
48.36
47.94
47.68
48.7
42.48
42.12
47.66
46.76
47.88
46.68
45.22
48.66
48.72
48.68
48.32
48.34
47.98
48.6
48.26
47.86
47.56
45.1
39.22
48.12
46.58
48.58
47.44
48.6
48.36
48.6
47.28
48.84
47.74
48.1
48.44
48.48
48.32
48.88
47.76
47.98
47.96
48.5
48.58
48.54
47.24
48.3
44.46
47.52
48.62
47.36
48.74
47.04
47.96
48.22
46.52
48.74
48.74
48.3
48.42
48.56
48.52
45.2
48.58
47.3
48.26
48.02
46.84
47.88
47.92
47.16
45.2
40.42
48.22
48.12
48.66
47.84
48.64
41.56
48.7
47.98
48.1
47.26
47.66
47.88
48.54
46.22
47.08
46.44
47.54
48.22
48.02
48.36
47.96
47.76
37.96
43.14
40.72
45.94
48.16
48
48.66
48.7
48.68
47.36
47.7
47.78
48.1
48.66
