37.32
34.04
44.1
42.26
41.8
43.18
35.68
36.24
30.86
40.38
43.4
41.36
37.3
36.98
40.52
30.78
42.44
38.2
27.6
28.06
41.4
44.08
38.1
35
31.72
42.08
38.46
40.28
35.06
35.52
40.04
43.38
40.7
41.22
34.68
26.2
46.94
42.18
39.1
44.12
38.92
29.04
39.8
38.52
39.32
41.36
45.02
37.02
39.04
40.26
41.68
32.34
33.08
41.12
42.56
41.84
41.12
39.84
35.12
40.66
34.76
43.08
42.94
40.98
35.86
35.08
42.64
28.62
34.08
40.12
39.34
39.88
40.46
35.36
40.58
22.62
39.3
41.68
27.88
34.7
39.34
40.48
41.62
40.42
42.24
41.38
42.3
36.12
40.48
44.7
22.06
41.3
44.18
44.08
42.5
43.74
42.36
21.02
27.46
44.88
36.14
43.16
32.12
38.96
45.56
44.32
46.04
44.86
8.56
39.1
39.84
37.66
23.82
26.02
38.12
40.34
42.94
37.14
37.26
42.3
41.36
40.76
37.34
20.46
42.32
42.54
29.84
33.94
40
39.06
45.26
44.12
42.12
40.42
29.04
39.3
37.42
40.64
34.04
43.86
33.18
42.02
39.1
41.98
42.98
21.68
40.14
40.62
24.2
42.54
39.12
35.62
30.48
41.1
34.6
41.56
41.34
37.5
37.28
43.06
40.26
30.34
42.86
35.5
37.64
28.14
41.76
37.16
19.52
40.58
44.54
8.72
38.96
40.12
42
30.1
41.88
42.76
36.98
44.14
42.84
44.12
43.76
41.94
41.78
38.22
39.6
39.34
37.32
36.98
40.12
42.68
37.08
40.68
42.92
37.28
32.94
40.9
39
16.36
36.56
40.94
41.64
29.4
28.78
36.62
26.94
36.52
38.14
37.92
24.14
30.36
27.72
23.04
42
41.38
40.6
42.34
43.2
43.6
43.52
40.06
38.34
43.12
42.36
39.62
41.74
43.54
34.24
40.52
45.92
42.88
43.26
41.02
35.26
41.48
45.46
22.92
31.08
33.42
41.36
40.98
41.22
41.12
39.12
26.42
24.58
41.58
35.06
36.8
39.48
35.86
45.56
43.66
42.44
42.56
42.72
39.06
45.1
34.96
37.46
34.56
32.2
7.92
45.04
32.3
43.58
38.78
37.2
39.52
45.82
40.86
41.28
37.54
43.28
39.2
38.66
38.5
41.62
38.38
39.44
40.3
41.96
31.68
34.62
39.48
42.7
29.34
30.5
41.78
36.8
42.7
31.42
36.86
44.42
40.76
41.86
40.5
43.1
43.5
44.6
40.88
29.1
44.26
37.86
41.08
40.78
33.62
35.96
37.9
37.56
25.02
19.36
41.42
42.14
39.36
38.54
40.82
16.18
45.84
36.66
35.44
41.14
40.3
40.6
36.6
23.5
31.46
25.28
39.06
28.9
27.68
31.78
38.7
39.8
13.52
28.86
16.14
34.38
41.34
40.36
40.46
41.8
42.04
37.84
34.08
40.82
42.66
42.8
